<?xml version="1.0"?>
<opencv_storage>
<calibration_time>"Fri 17 Nov 2017 04:10:34 PM CST"</calibration_time>
<nr_of_frames>20</nr_of_frames>
<image_width>1280</image_width>
<image_height>720</image_height>
<board_width>8</board_width>
<board_height>6</board_height>
<square_size>64.</square_size>
<fix_aspect_ratio>1.</fix_aspect_ratio>
<!-- flags: +fix_aspectRatio +fix_principal_point +zero_tangent_dist +fix_k4 +fix_k5 -->
<flags>6158</flags>
<fisheye_model>0</fisheye_model>
<camera_matrix type_id="opencv-matrix">
  <rows>3</rows>
  <cols>3</cols>
  <dt>d</dt>
  <data>
    9.9374042501436804e+02 0. 640. 0. 9.9374042501436804e+02 360. 0. 0.
    1.</data></camera_matrix>
<distortion_coefficients type_id="opencv-matrix">
  <rows>5</rows>
  <cols>1</cols>
  <dt>d</dt>
  <data>
    -1.5250690510029802e-01 1.1852869500888010e+00 0. 0.
    -2.6770530753513069e+00</data></distortion_coefficients>
<avg_reprojection_error>1.3676058598495633e+00</avg_reprojection_error>
<per_view_reprojection_errors type_id="opencv-matrix">
  <rows>20</rows>
  <cols>1</cols>
  <dt>f</dt>
  <data>
    1.09382033e+00 9.52382326e-01 1.53266227e+00 9.34789181e-01
    2.19346714e+00 7.32722282e-01 7.56366432e-01 1.41747785e+00
    8.09246838e-01 8.73931825e-01 6.07309699e-01 8.69201839e-01
    7.32643962e-01 1.17608464e+00 1.59515452e+00 1.58258140e+00
    8.71707439e-01 2.34127688e+00 1.64219022e+00 2.38763571e+00</data></per_view_reprojection_errors>
<!-- a set of 6-tuples (rotation vector + translation vector) for each view -->
<extrinsic_parameters type_id="opencv-matrix">
  <rows>20</rows>
  <cols>6</cols>
  <dt>d</dt>
  <data>
    5.1010038438676249e-02 -6.0859271641236909e-03
    -3.7537122450351087e-03 -3.0812642152199845e+02
    -1.4883415733643193e+02 7.8052828769203393e+02
    8.7777518838959664e-02 2.6405825676262051e-02 2.9666679261695756e-03
    -3.1093673800120297e+02 -1.5182415712207199e+02
    7.9411460878123683e+02 4.6465336331894959e-02 4.8457653064516888e-02
    4.2510315858332202e-03 -3.1047216094868367e+02
    -1.5283041725643463e+02 8.0922041200706394e+02
    4.9719291788787527e-02 1.0298026799524242e-01 2.7475119947841260e-02
    -3.2093662983237357e+02 -1.6258257209269163e+02
    8.4305141651415670e+02 1.7938903380449076e-01 2.8268974269096570e-01
    2.3766409739587983e-02 -3.2962754949473543e+02
    -1.6131682870858668e+02 9.2354438243082143e+02
    -1.6670437973789365e-02 -1.2878231447824390e-01
    3.5359375300058629e-02 -3.1444972174689161e+02
    -1.7201646355664190e+02 8.0419004038730930e+02
    -4.0133136240718487e-02 -3.5156751987525520e-01
    2.9747301241384274e-02 -2.7748694075204429e+02
    -1.6826864397001444e+02 7.6012879354314509e+02
    -8.8530106222015348e-02 -3.4749077776209869e-01
    1.4901000421666370e-02 -2.3610192825691917e+02
    -1.5642435345854952e+02 9.3630827824480207e+02
    5.0205767242666847e-04 -3.5925511239487791e-02
    2.6858944046602749e-02 -2.2936404548012962e+02
    -1.2399299337401975e+02 1.0995445019358451e+03
    -4.8470381881097424e-02 6.5520967105881234e-02
    2.7280317324738367e-02 -2.0398314640458199e+02
    -1.1987666611939824e+02 1.2059609184963015e+03
    4.0886557844005113e-02 5.7984026889345043e-02 2.1825370003252728e-02
    -3.1509532388385446e+02 -1.1301559377874457e+02
    9.3958989274459384e+02 9.1879943090842173e-02
    -1.1365823973097268e-01 8.0473059830166685e-02
    -3.4045207540550086e+02 -1.3465343308115621e+02
    8.3156500911023716e+02 1.1714619912647435e-01 1.8666985999213415e-01
    1.4615928726747780e-02 -3.3939625928770170e+02
    -1.2187420364375490e+02 9.6054590860683163e+02
    1.9930766950639367e-01 9.1709099037990169e-02
    -3.9435317729259289e-02 -3.6141466874465584e+02
    -9.7303079118111086e+01 8.6052147044289120e+02
    1.6789148394276288e-01 1.2176626112156295e-01 1.5808021589509408e-03
    -3.6767054677931844e+02 -1.2717599863758382e+02
    8.2106616990735756e+02 1.6948961875926630e-01 2.1144567914475829e-01
    2.7613051692467927e-03 -3.7100425944661578e+02
    -1.2732266231848624e+02 8.7361436982338387e+02
    1.7323483750693852e-01 2.6929041724901570e-01
    -5.6906874159413055e-03 -3.6750270745950360e+02
    -1.2849812114795307e+02 9.3587103385968180e+02
    -8.9894546847210433e-02 -3.7490998840183887e-01
    -2.5228601522420081e-03 -3.4373999179968831e+02
    -1.4928174544188877e+02 7.9536065610506444e+02
    -9.5664766140756377e-02 -3.4784405005168839e-01
    5.4010959542027557e-03 -3.4400759140316029e+02
    -1.5569180388798554e+02 8.2839216866212746e+02
    -1.4836009481041637e-01 -3.3834026805809098e-01
    -7.3089726333762828e-04 -3.4451850358531289e+02
    -1.5682477093398765e+02 8.4305989330532691e+02</data></extrinsic_parameters>
